25 10 18 47 34 45 50 33 46 60 44 59 50 55 40 40 37 39 
12 4 62 56 50 50 45 34 45 57 18 54 44 42 42 41 44 42 
62 37 56 34 60 42 59 46 34 52 17 1 62 37 40 39 39 37 
56 45 46 50 52 22 35 33 49 57 12 31 35 34 60 59 33 60 
34 46 50 50 36 26 47 46 49 52 1 28 35 33 48 51 45 57 
59 60 59 33 52 4 35 45 46 36 27 20 51 34 55 56 34 55 
35 36 58 44 53 27 51 46 50 55 40 40 56 45 49 50 46 50 
51 55 39 39 39 40 56 60 44 41 44 41 42 43 44 43 59 60 
54 43 43 43 43 59 45 52 4 25 32 15 7 12 27 14 35 55 
20 8 9 32 2 51 45 48 11 2 30 10 20 20 7 19 58 41 
